HLA_A_	HLA_C_	HLA_B_	HLA_DRB1_	HLA_DQA1_	HLA_DQB1_	HLA_DPA1_	HLA_DPB1_
0	0.0280817146766312	0.00855262106297972	0.00661817474435777	0.00336424306227356	0.00310937160651459	0.000605312861265084	0.00548723613668678
0.0280817146766312	0	0.180820789549132	0.0180859993434802	0.0112958669568994	0.0119288890653539	0.00430009216901273	0.00596298527364247
0.00855262106297972	0.180820789549132	0	0.00900611525963702	0.00619160789185513	0.0053204280449034	0.00167150275990802	0.00331427474543511
0.00661817474435777	0.0180859993434802	0.00900611525963702	0	0.224754229316277	0.201961089600838	0.0186828736337012	0.0197444990793524
0.00336424306227356	0.0112958669568994	0.00619160789185513	0.224754229316277	0	0.276676892965711	0.0125458404197102	0.0132497685948123
0.00310937160651459	0.0119288890653539	0.0053204280449034	0.201961089600838	0.276676892965711	0	0.0181619630334587	0.0179480999206334
0.000605312861265084	0.00430009216901273	0.00167150275990802	0.0186828736337012	0.0125458404197102	0.0181619630334587	0	0.190889938690639
0.00548723613668678	0.00596298527364247	0.00331427474543511	0.0197444990793524	0.0132497685948123	0.0179480999206334	0.190889938690639	0
