HLA_A_	HLA_C_	HLA_B_	HLA_DRB1_	HLA_DQA1_	HLA_DQB1_	HLA_DPA1_	HLA_DPB1_
0	0.03107797002178	0.0313283800350929	0.0116204853928363	0.0144541809142587	0.0160070453467314	0.00216009560014652	0.00997579101969359
0.03107797002178	0	0.154608376562887	0.0314274227457775	0.0229288973103471	0.0292512154981616	0.00670001054691804	0.0148232624047258
0.0313283800350929	0.154608376562887	0	0.0320530154444294	0.0217335849179885	0.0286134750757238	0.00813017218357048	0.0154963956921329
0.0116204853928363	0.0314274227457775	0.0320530154444294	0	0.215385485532947	0.218220319721034	0.0145038434129097	0.0256097688509039
0.0144541809142587	0.0229288973103471	0.0217335849179885	0.215385485532947	0	0.278544890366916	0.00963818578877285	0.0233272119785054
0.0160070453467314	0.0292512154981616	0.0286134750757238	0.218220319721034	0.278544890366916	0	0.010206879056686	0.028281761136325
0.00216009560014652	0.00670001054691804	0.00813017218357048	0.0145038434129097	0.00963818578877285	0.010206879056686	0	0.197681162273417
0.00997579101969359	0.0148232624047258	0.0154963956921329	0.0256097688509039	0.0233272119785054	0.028281761136325	0.197681162273417	0
