HLA_A_	HLA_C_	HLA_B_	HLA_DRB1_	HLA_DQA1_	HLA_DQB1_	HLA_DPA1_	HLA_DPB1_
0	0.0172328657447258	0.0315047315907452	0.015263107419877	0.00664955955046664	0.00717891558486894	0.0139065801754202	0.0109528455856855
0.0172328657447258	0	0.249896756421829	0.0527778767882039	0.0363370461381316	0.0309807107158663	0.00561763525462511	0.00635172594138877
0.0315047315907452	0.249896756421829	0	0.0808203810919135	0.0541780222324899	0.0585093093140587	0.00549517613696493	0.00673367316827034
0.015263107419877	0.0527778767882039	0.0808203810919135	0	0.28762463129442	0.275002299988737	0.0113324294083972	0.0221129399367666
0.00664955955046664	0.0363370461381316	0.0541780222324899	0.28762463129442	0	0.285451516226212	0.00859130287010601	0.0145988902977515
0.00717891558486894	0.0309807107158663	0.0585093093140587	0.275002299988737	0.285451516226212	0	0.0110796686584997	0.0185331720858316
0.0139065801754202	0.00561763525462511	0.00549517613696493	0.0113324294083972	0.00859130287010601	0.0110796686584997	0	0.170065565774647
0.0109528455856855	0.00635172594138877	0.00673367316827034	0.0221129399367666	0.0145988902977515	0.0185331720858316	0.170065565774647	0
