0.009879 0.978834 0.000010 0.011277
0.008383 0.991597 0.000010 0.000010
0.012593 0.980798 0.001469 0.005140
0.012210 0.985586 0.002194 0.000010
0.017528 0.980055 0.000010 0.002407
0.013936 0.981036 0.000010 0.005018
0.006253 0.992479 0.001259 0.000010
0.012768 0.987212 0.000010 0.000010
0.019027 0.980953 0.000010 0.000010
0.020406 0.976298 0.000010 0.003286
0.003652 0.993710 0.002628 0.000010
0.004537 0.988664 0.000861 0.005938
0.010524 0.979905 0.000010 0.009561
0.009910 0.983222 0.002686 0.004182
0.004747 0.982623 0.000010 0.012620
0.010201 0.988965 0.000010 0.000824
0.013507 0.979570 0.000010 0.006913
0.008077 0.991903 0.000010 0.000010
0.009194 0.987609 0.000010 0.003187
0.008593 0.984317 0.003251 0.003838
0.014235 0.984317 0.000010 0.001438
0.010268 0.980619 0.004188 0.004926
0.010289 0.989691 0.000010 0.000010
0.014826 0.976178 0.001184 0.007812
0.009582 0.977692 0.000783 0.011944
0.007151 0.991435 0.001404 0.000010
0.015909 0.978323 0.002767 0.003001
0.000010 0.999970 0.000010 0.000010
0.005775 0.994205 0.000010 0.000010
0.000010 0.993536 0.000010 0.006444
0.010250 0.989453 0.000287 0.000010
0.000010 0.990490 0.005909 0.003591
0.000034 0.984390 0.005525 0.010052
0.009879 0.990101 0.000010 0.000010
0.005339 0.991434 0.001115 0.002112
0.010738 0.988594 0.000010 0.000658
0.000010 0.986950 0.000010 0.013030
0.003772 0.993532 0.000010 0.002686
0.008055 0.990836 0.001099 0.000010
0.011081 0.988484 0.000010 0.000425
0.021202 0.978609 0.000010 0.000180
0.002558 0.989540 0.003701 0.004201
0.009999 0.989740 0.000251 0.000010
0.011794 0.983545 0.000010 0.004651
0.005681 0.989735 0.000010 0.004574
0.011061 0.988919 0.000010 0.000010
0.000010 0.991076 0.004834 0.004080
0.014942 0.979148 0.005900 0.000010
0.008005 0.986602 0.003210 0.002182
0.000239 0.997513 0.002238 0.000010
0.010427 0.989553 0.000010 0.000010
0.007556 0.989892 0.000010 0.002541
0.019138 0.975214 0.005639 0.000010
0.013040 0.986940 0.000010 0.000010
0.007138 0.992842 0.000010 0.000010
0.056129 0.892602 0.000010 0.051258
0.047385 0.905126 0.000010 0.047478
0.035661 0.934273 0.000010 0.030055
0.038950 0.893253 0.000010 0.067787
0.038010 0.890209 0.000010 0.071771
0.024359 0.910133 0.000010 0.065498
0.036120 0.910285 0.000010 0.053585
0.034919 0.898754 0.000010 0.066316
0.021320 0.924035 0.007618 0.047028
0.047722 0.887382 0.000010 0.064886
0.032774 0.904609 0.000010 0.062607
0.026226 0.899790 0.000010 0.073975
0.039364 0.908813 0.000010 0.051813
0.039796 0.885990 0.001001 0.073213
0.031006 0.913906 0.000010 0.055077
0.039838 0.908046 0.000010 0.052105
0.015521 0.927666 0.000010 0.056803
0.014858 0.982395 0.000010 0.002738
0.007629 0.990360 0.002000 0.000010
0.005429 0.991334 0.003227 0.000010
0.002510 0.987076 0.004708 0.005705
0.009052 0.990928 0.000010 0.000010
0.011185 0.983565 0.005241 0.000010
0.007420 0.981056 0.000010 0.011514
0.013208 0.983701 0.003081 0.000010
0.000010 0.996950 0.000010 0.003030
0.010318 0.986758 0.000010 0.002915
0.014556 0.985424 0.000010 0.000010
0.012512 0.982360 0.005117 0.000010
0.006780 0.993074 0.000010 0.000136
0.003223 0.984777 0.007059 0.004941
0.010991 0.988989 0.000010 0.000010
0.008313 0.987266 0.004412 0.000010
0.023774 0.971913 0.001341 0.002972
0.000010 0.985596 0.000010 0.014384
0.007458 0.992522 0.000010 0.000010
0.004415 0.985871 0.003062 0.006653
0.014652 0.979892 0.000010 0.005446
0.000010 0.999970 0.000010 0.000010
0.012880 0.985159 0.000010 0.001951
0.013220 0.984744 0.000010 0.002026
0.009475 0.983109 0.003572 0.003844
0.012892 0.985127 0.000010 0.001972
0.013345 0.984190 0.002455 0.000010
0.002770 0.995166 0.000010 0.002054
0.005590 0.994368 0.000031 0.000010
0.017890 0.976785 0.003116 0.002209
0.002840 0.997140 0.000010 0.000010
0.027471 0.906989 0.000010 0.065530
0.024541 0.900594 0.000010 0.074855
0.024524 0.938483 0.000010 0.036983
0.031050 0.911999 0.000010 0.056941
0.041265 0.887082 0.000010 0.071643
0.038660 0.878770 0.000010 0.082560
0.023308 0.921033 0.000010 0.055649
0.033723 0.923131 0.000010 0.043137
0.029929 0.926564 0.000010 0.043496
0.037156 0.907146 0.000010 0.055687
0.027604 0.933711 0.000010 0.038675
0.034762 0.906971 0.002264 0.056003
0.032728 0.912217 0.000010 0.055046
0.042311 0.913106 0.000010 0.044573
0.031563 0.901242 0.000010 0.067186
0.042296 0.903091 0.000010 0.054603
0.033869 0.897466 0.000010 0.068655
0.047034 0.904828 0.000010 0.048128
0.032085 0.899365 0.000010 0.068540
0.027606 0.910009 0.003768 0.058618
0.027300 0.935592 0.002825 0.034283
0.034503 0.893067 0.000010 0.072420
0.030568 0.905530 0.000010 0.063892
0.027186 0.927871 0.000010 0.044934
0.022334 0.939119 0.000010 0.038537
0.030322 0.903195 0.000010 0.066473
0.038081 0.902250 0.000010 0.059659
0.021767 0.936031 0.000010 0.042192
0.017904 0.911329 0.000010 0.070757
0.036052 0.921749 0.000010 0.042189
0.035376 0.897877 0.000010 0.066737
0.023808 0.898555 0.000010 0.077627
0.047839 0.903321 0.000010 0.048830
0.040466 0.891340 0.000010 0.068184
0.032078 0.916254 0.000010 0.051658
0.035049 0.904584 0.001809 0.058557
0.032304 0.918615 0.000010 0.049072
0.014137 0.928660 0.005161 0.052041
0.032514 0.919690 0.000010 0.047786
0.033938 0.907113 0.000010 0.058939
0.029204 0.908059 0.002337 0.060400
0.029586 0.928855 0.000010 0.041549
0.024988 0.917998 0.000010 0.057004
0.029572 0.900544 0.000010 0.069875
0.029457 0.924974 0.000010 0.045558
0.028830 0.914703 0.000010 0.056457
0.029933 0.906531 0.000010 0.063526
0.026371 0.912616 0.016934 0.044080
0.029153 0.901422 0.000010 0.069415
0.029811 0.920834 0.000010 0.049345
0.025726 0.956043 0.000010 0.018221
0.030902 0.904481 0.000010 0.064607
0.023210 0.926274 0.000010 0.050506
0.024789 0.911623 0.000010 0.063578
0.012745 0.943358 0.000010 0.043886
0.020368 0.920958 0.000010 0.058665
0.025299 0.908476 0.000010 0.066215
0.032544 0.925987 0.000010 0.041460
0.032282 0.910941 0.000010 0.056767
0.027332 0.930438 0.000010 0.042220
0.035989 0.891746 0.000010 0.072255
0.021273 0.932365 0.000010 0.046351
0.037926 0.895264 0.000010 0.066800
0.026406 0.917629 0.000010 0.055955
0.034875 0.910334 0.000010 0.054781
0.030882 0.903002 0.000010 0.066105
0.033554 0.909161 0.000010 0.057275
0.042873 0.901122 0.000010 0.055996
0.042362 0.889140 0.000010 0.068488
0.035520 0.900663 0.000010 0.063806
0.031749 0.913857 0.000010 0.054384
0.035393 0.914502 0.000010 0.050095
0.040374 0.887053 0.000010 0.072562
0.030678 0.914718 0.000010 0.054594
0.022456 0.934294 0.000010 0.043241
0.030639 0.902704 0.001767 0.064890
0.034449 0.922841 0.000010 0.042700
0.018365 0.946866 0.000010 0.034760
0.021617 0.924450 0.000010 0.053923
0.037999 0.897100 0.000010 0.064891
0.032995 0.896917 0.000010 0.070078
0.031388 0.914976 0.000010 0.053626
0.004655 0.000010 0.000010 0.995325
0.006695 0.000014 0.000010 0.993281
0.000010 0.000010 0.000010 0.999970
0.000010 0.000010 0.000010 0.999970
0.003160 0.000010 0.000010 0.996820
0.002372 0.000010 0.000010 0.997608
0.000010 0.000010 0.000010 0.999970
0.000010 0.000010 0.000010 0.999970
0.000010 0.000010 0.000010 0.999970
0.000010 0.000010 0.000010 0.999970
0.000010 0.000010 0.000010 0.999970
0.000010 0.000010 0.003303 0.996677
0.000010 0.000010 0.000010 0.999970
0.004394 0.001388 0.000010 0.994208
0.000010 0.000010 0.000010 0.999970
0.000010 0.000010 0.000010 0.999970
0.000010 0.000010 0.000010 0.999970
0.000010 0.000010 0.000010 0.999970
0.000010 0.000010 0.000010 0.999970
0.002241 0.000010 0.000010 0.997739
0.000010 0.000010 0.000010 0.999970
0.000010 0.000010 0.000010 0.999970
0.003295 0.000010 0.000010 0.996685
0.000010 0.000010 0.000010 0.999970
0.000010 0.000010 0.000010 0.999970
0.000010 0.000010 0.000010 0.999970
0.002044 0.000010 0.000010 0.997936
0.000010 0.000010 0.000010 0.999970
0.000010 0.000010 0.000010 0.999970
0.002204 0.000010 0.000010 0.997776
0.000010 0.000010 0.000010 0.999970
0.000010 0.000010 0.000010 0.999970
0.000010 0.000010 0.000010 0.999970
0.006517 0.000010 0.000010 0.993463
0.000010 0.000010 0.000010 0.999970
0.000789 0.000010 0.000010 0.999191
0.000010 0.000010 0.000010 0.999970
0.009666 0.000010 0.000010 0.990314
0.000525 0.000010 0.000010 0.999455
0.000010 0.000010 0.000010 0.999970
0.000010 0.000010 0.000010 0.999970
0.000010 0.000010 0.000010 0.999970
0.150926 0.752496 0.091834 0.004744
0.205436 0.600188 0.193517 0.000858
0.125490 0.785928 0.088340 0.000242
0.000010 0.000010 0.000010 0.999970
0.000010 0.000010 0.000010 0.999970
0.002670 0.000010 0.000010 0.997310
0.000010 0.000010 0.000010 0.999970
0.000010 0.000010 0.000010 0.999970
0.000010 0.000010 0.000010 0.999970
0.002855 0.000010 0.000010 0.997125
0.000010 0.000010 0.000010 0.999970
0.002407 0.000010 0.000010 0.997573
0.000010 0.000010 0.000010 0.999970
0.004806 0.000010 0.000010 0.995174
0.003613 0.006004 0.000010 0.990373
0.018138 0.006494 0.000010 0.975357
0.000010 0.000010 0.000010 0.999970
0.000010 0.000010 0.000010 0.999970
0.000010 0.000010 0.000010 0.999970
0.000010 0.000010 0.000010 0.999970
0.000010 0.000010 0.000010 0.999970
0.003236 0.000010 0.000010 0.996744
0.000010 0.000010 0.000010 0.999970
0.000010 0.000010 0.000010 0.999970
0.000010 0.000010 0.000010 0.999970
0.000010 0.000010 0.000010 0.999970
0.000010 0.000010 0.000010 0.999970
0.000010 0.000010 0.000010 0.999970
0.000010 0.000010 0.000010 0.999970
0.003325 0.015290 0.009462 0.971923
0.000010 0.000010 0.000010 0.999970
0.000010 0.000010 0.000010 0.999970
0.000015 0.000010 0.000010 0.999965
0.004136 0.000010 0.000010 0.995844
0.000010 0.000010 0.000010 0.999970
0.000010 0.000010 0.000010 0.999970
0.000010 0.000010 0.000010 0.999970
0.000010 0.000010 0.000010 0.999970
0.140776 0.695818 0.161831 0.001576
0.166700 0.653591 0.173957 0.005751
0.117324 0.790245 0.079616 0.012815
0.171267 0.731046 0.088025 0.009661
0.000010 0.000010 0.000010 0.999970
0.002275 0.000010 0.000010 0.997705
0.000010 0.000010 0.000010 0.999970
0.000010 0.000010 0.000010 0.999970
0.004086 0.000010 0.000010 0.995894
0.000010 0.000010 0.000010 0.999970
0.000010 0.000010 0.000010 0.999970
0.000010 0.000010 0.000010 0.999970
0.000010 0.000010 0.000010 0.999970
0.000010 0.000010 0.000010 0.999970
0.000010 0.000010 0.000010 0.999970
0.000010 0.000010 0.000010 0.999970
0.000010 0.000010 0.000010 0.999970
0.000010 0.000010 0.000010 0.999970
0.000317 0.000010 0.000010 0.999663
0.001394 0.000010 0.000010 0.998586
0.001714 0.000010 0.000010 0.998266
0.000185 0.000010 0.000010 0.999795
0.000010 0.000010 0.000010 0.999970
0.000010 0.000010 0.000010 0.999970
0.000010 0.000010 0.000010 0.999970
0.000010 0.000010 0.000010 0.999970
0.000010 0.000010 0.000010 0.999970
0.000010 0.000010 0.000010 0.999970
0.001657 0.000010 0.000010 0.998323
0.000010 0.000010 0.000010 0.999970
0.000010 0.000010 0.000010 0.999970
0.000010 0.000010 0.000010 0.999970
0.089479 0.867006 0.035355 0.008160
0.135192 0.783882 0.065693 0.015233
0.221582 0.672480 0.105928 0.000010
0.118644 0.807183 0.072582 0.001591
0.115053 0.795436 0.089501 0.000010
0.067478 0.869328 0.063184 0.000010
0.159208 0.709606 0.131176 0.000010
0.065173 0.866612 0.068205 0.000010
0.236398 0.654981 0.099019 0.009602
0.000010 0.000010 0.000010 0.999970
0.000010 0.000010 0.000010 0.999970
0.000010 0.000010 0.004017 0.995963
0.000010 0.000010 0.000010 0.999970
0.000010 0.005646 0.000010 0.994334
0.000010 0.000010 0.000703 0.999277
0.000010 0.000010 0.000010 0.999970
0.000010 0.000010 0.000010 0.999970
0.003533 0.000010 0.000010 0.996447
0.000010 0.000010 0.000010 0.999970
0.000010 0.000010 0.000010 0.999970
0.000010 0.000010 0.000010 0.999970
0.000010 0.000010 0.000010 0.999970
0.000010 0.000010 0.000937 0.999043
0.000010 0.000010 0.000010 0.999970
0.113246 0.788852 0.094910 0.002992
0.155700 0.721502 0.122788 0.000010
0.145305 0.619332 0.235353 0.000010
0.195056 0.579161 0.225772 0.000010
0.184303 0.571659 0.234546 0.009492
0.182802 0.747406 0.069782 0.000010
0.115538 0.744628 0.136728 0.003106
0.173277 0.697768 0.125172 0.003782
0.121113 0.774676 0.100460 0.003751
0.155586 0.763354 0.081051 0.000010
0.129526 0.504395 0.358936 0.007142
0.123111 0.680390 0.186484 0.010015
0.141717 0.770587 0.077907 0.009789
0.159766 0.747308 0.088405 0.004522
0.170910 0.732621 0.093802 0.002666
0.160905 0.770048 0.069036 0.000010
0.155024 0.752432 0.092533 0.000010
0.172342 0.742499 0.078245 0.006914
0.050588 0.843356 0.095129 0.010927
0.191395 0.600909 0.201461 0.006235
0.139116 0.681295 0.174857 0.004733
0.231864 0.673775 0.094351 0.000010
0.169430 0.618853 0.207691 0.004025
0.179996 0.712898 0.107096 0.000010
0.128159 0.741032 0.123957 0.006852
0.200359 0.657410 0.142221 0.000010
0.127042 0.677223 0.179116 0.016619
0.151893 0.696567 0.151530 0.000010
0.132026 0.599909 0.254675 0.013390
0.141953 0.718385 0.139652 0.000010
0.139345 0.739413 0.117718 0.003525
0.173888 0.724971 0.101131 0.000010
0.152782 0.740537 0.106670 0.000010
0.191167 0.656961 0.151862 0.000010
0.139536 0.685315 0.175139 0.000010
0.131849 0.746709 0.101980 0.019462
0.096970 0.804669 0.090790 0.007571
0.134727 0.633446 0.231817 0.000010
0.078452 0.285161 0.636378 0.000010
0.158223 0.707650 0.126285 0.007842
0.156678 0.710161 0.122551 0.010610
0.081016 0.896635 0.022339 0.000010
0.308599 0.666146 0.020588 0.004667
0.135708 0.818912 0.045370 0.000010
0.316227 0.616131 0.058211 0.009431
0.244444 0.678141 0.077404 0.000010
0.311606 0.533759 0.154626 0.000010
0.270620 0.608172 0.106014 0.015193
0.263102 0.664797 0.072091 0.000010
0.279162 0.652988 0.067840 0.000010
0.164774 0.800650 0.032271 0.002305
0.228443 0.638742 0.125934 0.006881
0.293016 0.600884 0.106090 0.000010
0.381261 0.583512 0.034849 0.000378
0.316890 0.494292 0.184095 0.004723
0.298400 0.651292 0.048161 0.002147
0.371108 0.423937 0.195931 0.009023
0.277278 0.663056 0.059656 0.000010
0.461848 0.410950 0.110068 0.017134
0.169677 0.638888 0.185102 0.006333
0.178688 0.703075 0.110142 0.008095
0.124585 0.761497 0.113908 0.000010
0.149381 0.608430 0.234538 0.007651
0.060064 0.881310 0.041280 0.017346
0.172046 0.701107 0.126837 0.000010
0.157856 0.650188 0.191946 0.000010
0.064168 0.850839 0.080235 0.004759
0.129201 0.792663 0.074620 0.003516
0.163587 0.740472 0.095845 0.000096
0.199848 0.705870 0.080490 0.013792
0.158971 0.692211 0.148808 0.000010
0.177857 0.691118 0.131015 0.000010
0.268679 0.550254 0.181057 0.000010
0.231440 0.529731 0.225712 0.013117
0.228235 0.590944 0.168077 0.012743
0.213361 0.682517 0.104113 0.000010
0.152934 0.770308 0.076748 0.000010
0.164151 0.641283 0.194555 0.000010
0.098603 0.836304 0.059486 0.005606
0.143176 0.723557 0.116320 0.016947
0.131623 0.743028 0.119372 0.005976
0.079202 0.234551 0.686238 0.000010
0.067055 0.422008 0.510927 0.000010
0.184246 0.605259 0.205296 0.005199
0.119003 0.753497 0.125174 0.002326
0.324949 0.576376 0.090184 0.008491
0.289866 0.673439 0.029648 0.007047
0.242555 0.700097 0.056659 0.000688
0.306962 0.512601 0.180427 0.000010
0.188369 0.789961 0.021660 0.000010
0.312584 0.660847 0.026559 0.000010
0.141939 0.813814 0.034092 0.010155
0.322239 0.533051 0.139488 0.005222
0.273828 0.640605 0.085557 0.000010
0.265878 0.650051 0.081666 0.002405
0.318197 0.491270 0.184941 0.005591
0.060540 0.924172 0.015278 0.000010
0.373386 0.594327 0.032278 0.000010
0.293036 0.681386 0.025568 0.000010
0.273331 0.685338 0.038632 0.002699
0.236525 0.688939 0.074525 0.000010
0.155585 0.597748 0.246079 0.000588
0.203360 0.669545 0.124849 0.002245
0.193994 0.671835 0.116911 0.017261
0.198238 0.638280 0.163472 0.000010
0.163916 0.598536 0.237538 0.000010
0.092148 0.789379 0.102475 0.015998
0.149244 0.709742 0.141004 0.000010
0.167704 0.695469 0.125763 0.011064
0.103727 0.738944 0.157319 0.000010
0.192794 0.683913 0.118026 0.005267
0.013485 0.984755 0.000010 0.001750
0.617591 0.370536 0.008048 0.003825
0.243957 0.407509 0.344029 0.004505
0.427495 0.530748 0.041747 0.000010
0.240836 0.707972 0.045930 0.005262
0.410102 0.540199 0.048593 0.001106
0.409404 0.511433 0.079154 0.000010
0.310079 0.667903 0.022007 0.000010
0.208778 0.746205 0.038230 0.006788
0.180191 0.793904 0.025895 0.000010
0.328487 0.604138 0.067365 0.000010
0.314882 0.663941 0.020779 0.000397
0.268879 0.680842 0.049337 0.000942
0.241988 0.668324 0.073765 0.015922
0.254743 0.609278 0.130120 0.005859
0.326974 0.484718 0.171837 0.016471
0.287969 0.553592 0.155786 0.002653
0.265131 0.604959 0.119203 0.010707
0.538091 0.336939 0.124959 0.000010
0.335503 0.616308 0.048179 0.000010
0.281260 0.685412 0.030931 0.002397
0.323786 0.537259 0.138945 0.000010
0.327729 0.564069 0.107684 0.000518
0.399702 0.542330 0.052127 0.005842
0.256503 0.702606 0.040881 0.000010
0.244203 0.687841 0.067947 0.000010
0.153645 0.781731 0.064614 0.000010
0.313139 0.399332 0.287519 0.000010
0.206256 0.611429 0.178726 0.003589
0.157574 0.621368 0.219161 0.001897
0.146382 0.773529 0.080078 0.000010
0.215887 0.598746 0.185357 0.000010
0.177041 0.647074 0.175875 0.000010
0.195652 0.619638 0.175543 0.009167
0.175758 0.622984 0.183476 0.017782
0.122465 0.757086 0.113470 0.006979
0.240765 0.667309 0.091917 0.000010
0.200050 0.641225 0.148839 0.009886
0.182919 0.662299 0.150513 0.004269
0.290554 0.582048 0.127388 0.000010
0.261386 0.702951 0.034098 0.001565
0.537540 0.407203 0.049612 0.005645
0.128809 0.848040 0.023141 0.000010
0.055188 0.919138 0.025664 0.000010
0.244801 0.573499 0.181690 0.000010
0.415664 0.539774 0.027790 0.016772
0.601376 0.349487 0.049128 0.000010
0.301330 0.586854 0.097595 0.014220
0.255409 0.647365 0.086037 0.011189
0.423491 0.532204 0.038052 0.006253
0.415425 0.522299 0.059100 0.003176
0.433799 0.527720 0.038471 0.000010
0.404289 0.409938 0.184960 0.000813
0.319003 0.373577 0.293808 0.013612
0.341513 0.455967 0.202509 0.000010
0.205031 0.764990 0.029969 0.000010
0.204364 0.761905 0.027449 0.006283
0.172889 0.796846 0.030256 0.000010
0.140751 0.821533 0.036180 0.001535
0.266574 0.358314 0.363372 0.011740
0.373571 0.582511 0.039081 0.004837
0.153687 0.685407 0.152023 0.008883
0.141232 0.828270 0.030488 0.000010
0.170914 0.796595 0.025871 0.006620
0.221468 0.741845 0.030340 0.006347
0.432226 0.449501 0.107533 0.010740
0.398873 0.463565 0.135241 0.002321
0.383166 0.556667 0.057959 0.002208
0.366426 0.572109 0.061456 0.000010
0.000010 0.958697 0.036771 0.004522
0.000010 0.953017 0.041593 0.005380
0.000316 0.976190 0.018254 0.005239
0.002120 0.973360 0.024510 0.000010
0.002206 0.965078 0.032705 0.000010
0.006558 0.973118 0.018286 0.002038
0.004080 0.959699 0.035855 0.000366
0.004919 0.971596 0.023475 0.000010
0.007691 0.981559 0.010740 0.000010
0.009792 0.974271 0.013334 0.002602
0.008993 0.984990 0.006007 0.000010
0.001598 0.991387 0.007005 0.000010
0.002120 0.989780 0.008090 0.000010
0.004999 0.986142 0.008849 0.000010
0.004374 0.991388 0.000397 0.003841
0.012640 0.984750 0.000055 0.002556
0.000010 0.978770 0.014851 0.006369
0.000010 0.958782 0.033737 0.007470
0.009582 0.945661 0.044747 0.000010
0.000010 0.969288 0.030692 0.000010
0.002844 0.958019 0.033998 0.005138
0.011638 0.952925 0.033118 0.002319
0.000010 0.970123 0.028676 0.001192
0.000010 0.967460 0.027181 0.005349
0.242270 0.683407 0.074313 0.000010
0.245539 0.354892 0.388688 0.010880
0.349264 0.407659 0.229808 0.013270
0.724527 0.255773 0.001555 0.018145
0.487419 0.485675 0.017842 0.009064
0.708666 0.290603 0.000010 0.000721
0.999970 0.000010 0.000010 0.000010
0.458732 0.478353 0.062905 0.000010
0.639565 0.346139 0.014286 0.000010
0.017767 0.669581 0.049251 0.263401
0.011005 0.675145 0.052603 0.261247
0.018428 0.683319 0.055247 0.243007
0.005965 0.720159 0.048785 0.225090
0.000010 0.002727 0.000885 0.996379
0.000010 0.023118 0.003149 0.973723
0.000010 0.012778 0.000837 0.986375
0.003664 0.012338 0.000289 0.983710
0.000010 0.017973 0.002018 0.979999
0.000010 0.005390 0.001531 0.993069
0.013477 0.945431 0.037154 0.003938
0.000010 0.963316 0.029824 0.006850
0.000010 0.971882 0.019388 0.008720
0.000010 0.982707 0.013560 0.003723
0.003166 0.978543 0.016787 0.001505
0.006386 0.964817 0.022991 0.005806
0.000945 0.958505 0.027341 0.013209
0.006733 0.954940 0.031917 0.006410
0.000010 0.975293 0.015470 0.009226
0.008688 0.972860 0.018283 0.000168
0.000308 0.957222 0.025590 0.016879
0.018931 0.958900 0.021282 0.000887
0.000010 0.972900 0.027080 0.000010
0.006183 0.954424 0.037546 0.001847
0.007648 0.954101 0.038241 0.000010
0.005288 0.952913 0.038075 0.003723
0.000010 0.970510 0.025511 0.003970
0.000010 0.946276 0.043991 0.009723
0.006752 0.912698 0.080540 0.000010
0.000010 0.937610 0.052942 0.009439
0.004254 0.976167 0.014157 0.005421
0.000010 0.972094 0.025728 0.002168
0.000010 0.956089 0.029835 0.014066
0.005428 0.934337 0.060225 0.000010
0.004850 0.971286 0.023854 0.000010
0.014494 0.966675 0.018821 0.000010
0.000010 0.986794 0.013186 0.000010
0.000010 0.982026 0.017010 0.000954
0.003770 0.979428 0.016793 0.000010
0.003389 0.971709 0.019165 0.005737
0.000010 0.968259 0.027667 0.004064
0.007019 0.968408 0.024563 0.000010
0.000010 0.981964 0.018016 0.000010
0.013234 0.976941 0.009815 0.000010
0.009553 0.953858 0.036580 0.000010
0.009965 0.956220 0.027079 0.006736
0.001018 0.932781 0.063679 0.002522
0.000010 0.938786 0.060621 0.000584
0.008472 0.943603 0.040195 0.007730
0.000010 0.953446 0.041396 0.005148
0.012008 0.987972 0.000010 0.000010
0.005500 0.994480 0.000010 0.000010
0.001010 0.945278 0.039938 0.013775
0.006991 0.958378 0.030908 0.003724
0.000010 0.961571 0.029943 0.008476
0.003694 0.961025 0.033438 0.001844
0.005539 0.957307 0.035416 0.001737
0.000010 0.964896 0.027051 0.008043
0.000010 0.979140 0.020840 0.000010
0.004763 0.970650 0.021752 0.002835
0.000010 0.962393 0.022476 0.015120
0.000010 0.956987 0.039230 0.003773
0.000010 0.971655 0.017125 0.011210
0.002982 0.977967 0.018800 0.000251
0.009879 0.967226 0.022886 0.000010
0.008537 0.943324 0.037076 0.011062
0.003468 0.960653 0.035870 0.000010
0.000010 0.954246 0.033413 0.012330
0.010882 0.961225 0.027883 0.000010
0.011422 0.981974 0.006594 0.000010
0.000010 0.979214 0.016240 0.004536
0.005795 0.978465 0.015731 0.000010
0.014987 0.980184 0.004819 0.000010
0.002916 0.978588 0.010426 0.008069
0.002930 0.979972 0.014270 0.002828
0.000010 0.978912 0.020015 0.001064
0.011439 0.958074 0.027772 0.002715
0.000010 0.976370 0.019479 0.004140
0.005105 0.989086 0.005181 0.000628
0.005253 0.976230 0.017688 0.000828
0.003690 0.996290 0.000010 0.000010
0.001341 0.989001 0.000010 0.009648
0.012659 0.982483 0.000010 0.004849
0.000010 0.000010 0.000010 0.999970
0.000010 0.000010 0.000010 0.999970
0.000010 0.000010 0.000010 0.999970
0.000010 0.000010 0.000010 0.999970
0.003380 0.000010 0.000010 0.996600
0.000010 0.000011 0.000010 0.999969
0.000015 0.000010 0.000010 0.999965
0.000010 0.000010 0.000010 0.999970
0.000010 0.000010 0.000586 0.999394
0.000010 0.000010 0.000010 0.999970
0.000010 0.000010 0.002244 0.997736
0.000010 0.000010 0.000010 0.999970
0.000010 0.001925 0.001296 0.996769
0.000010 0.000010 0.000010 0.999970
0.000010 0.000010 0.001143 0.998837
0.000010 0.000010 0.000381 0.999599
0.000010 0.000010 0.000716 0.999264
0.000010 0.000010 0.000010 0.999970
0.000010 0.000010 0.001474 0.998506
0.000010 0.002289 0.001935 0.995766
0.000010 0.000010 0.000010 0.999970
0.000010 0.000010 0.000010 0.999970
0.000010 0.006570 0.000010 0.993410
0.000010 0.015233 0.000010 0.984747
0.000010 0.015253 0.002855 0.981883
0.003503 0.000696 0.005153 0.990648
0.000010 0.007623 0.006838 0.985529
0.000010 0.003571 0.004446 0.991973
0.000010 0.019300 0.004825 0.975864
0.000010 0.012762 0.003094 0.984135
0.001083 0.012892 0.002077 0.983948
0.001608 0.018133 0.000881 0.979378
0.002895 0.010507 0.007270 0.979328
0.000010 0.005098 0.003145 0.991747
0.000010 0.011939 0.005032 0.983019
0.000010 0.006171 0.004955 0.988865
0.000010 0.015989 0.002864 0.981137
0.000010 0.007318 0.001704 0.990969
0.000010 0.006395 0.002673 0.990922
0.000010 0.002076 0.000010 0.997904
0.000010 0.005693 0.000010 0.994287
0.000010 0.016193 0.001159 0.982638
0.000010 0.004197 0.005616 0.990177
0.000010 0.010029 0.000010 0.989951
0.003655 0.001910 0.003686 0.990750
0.000010 0.005233 0.000010 0.994747
0.000010 0.016152 0.000436 0.983402
0.000010 0.011859 0.003614 0.984517
0.000010 0.013389 0.002785 0.983816
0.000010 0.003505 0.000010 0.996475
0.000010 0.006074 0.000010 0.993906
0.000010 0.017600 0.003399 0.978991
0.011049 0.004156 0.000010 0.984786
0.000010 0.013165 0.000010 0.986815
0.000010 0.015827 0.002962 0.981202
0.000010 0.015508 0.000187 0.984296
0.001734 0.152887 0.837317 0.008062
0.006845 0.228062 0.581025 0.184068
0.000010 0.040406 0.956567 0.003017
0.000010 0.136948 0.860715 0.002327
0.000010 0.054324 0.945656 0.000010
0.007700 0.115534 0.876757 0.000010
0.000010 0.032250 0.965453 0.002287
0.000756 0.122985 0.876248 0.000010
0.777014 0.156892 0.066085 0.000010
0.610246 0.267264 0.122480 0.000010
0.000010 0.076350 0.918068 0.005572
0.001692 0.025812 0.966079 0.006417
0.000010 0.098369 0.901611 0.000010
0.003324 0.152535 0.844130 0.000010
0.004302 0.068319 0.921861 0.005518
0.913497 0.081009 0.005484 0.000010
0.822510 0.177470 0.000010 0.000010
0.999970 0.000010 0.000010 0.000010
0.812321 0.187659 0.000010 0.000010
0.999970 0.000010 0.000010 0.000010
0.716103 0.109301 0.107448 0.067147
0.999970 0.000010 0.000010 0.000010
0.999970 0.000010 0.000010 0.000010
0.849701 0.150279 0.000010 0.000010
0.674381 0.178733 0.097791 0.049095
0.785772 0.211826 0.002392 0.000010
0.703196 0.267394 0.029400 0.000010
0.999970 0.000010 0.000010 0.000010
0.829678 0.167771 0.002541 0.000010
0.870451 0.075983 0.053500 0.000066
0.895558 0.104422 0.000010 0.000010
0.542171 0.072375 0.000010 0.385444
0.828674 0.171306 0.000010 0.000010
0.652062 0.301335 0.025051 0.021552
0.692280 0.076854 0.170151 0.060716
0.897246 0.049436 0.051379 0.001939
0.999970 0.000010 0.000010 0.000010
0.940803 0.057911 0.001276 0.000010
0.964379 0.035601 0.000010 0.000010
0.002608 0.071207 0.926175 0.000010
0.005765 0.128960 0.855883 0.009392
0.999970 0.000010 0.000010 0.000010
0.631020 0.274411 0.088258 0.006312
0.677825 0.317759 0.004406 0.000010
0.999970 0.000010 0.000010 0.000010
0.698899 0.289853 0.000010 0.011238
0.599933 0.237460 0.162597 0.000010
0.853994 0.113786 0.028052 0.004168
0.999970 0.000010 0.000010 0.000010
0.721980 0.270871 0.007139 0.000010
0.847034 0.152946 0.000010 0.000010
0.757645 0.224846 0.011301 0.006208
0.774987 0.192618 0.032384 0.000010
0.825364 0.173013 0.000010 0.001613
0.004210 0.078203 0.917578 0.000010
0.007503 0.123588 0.868726 0.000184
0.000010 0.441295 0.558115 0.000580
0.004507 0.156720 0.838763 0.000010
0.000010 0.068268 0.923374 0.008348
0.794173 0.187197 0.018050 0.000580
0.959175 0.040805 0.000010 0.000010
0.935091 0.064889 0.000010 0.000010
0.823461 0.173370 0.000010 0.003159
0.879587 0.116284 0.000010 0.004119
0.343603 0.268955 0.387432 0.000010
0.895646 0.097573 0.005415 0.001365
0.002630 0.149206 0.841363 0.006801
0.000012 0.164863 0.835115 0.000010
0.002053 0.074490 0.923447 0.000010
0.002279 0.031120 0.966592 0.000010
0.002067 0.118223 0.876466 0.003245
0.006202 0.048695 0.006511 0.938592
0.000010 0.021124 0.004408 0.974458
0.000010 0.013579 0.000010 0.986401
0.000010 0.010189 0.001427 0.988374
0.000010 0.007757 0.002914 0.989319
0.000010 0.009116 0.000010 0.990864
0.000010 0.001500 0.001680 0.996810
0.000010 0.010672 0.000010 0.989308
0.000010 0.000010 0.000010 0.999970
0.000010 0.000010 0.001416 0.998564
0.000010 0.003236 0.000010 0.996744
0.000010 0.014006 0.003441 0.982543
0.000010 0.012975 0.000010 0.987005
0.000010 0.014201 0.000010 0.985779
0.000010 0.019544 0.000010 0.980436
0.000675 0.010741 0.004081 0.984503
0.000010 0.005324 0.003207 0.991459
0.002389 0.020512 0.977089 0.000010
0.002663 0.028693 0.968634 0.000010
0.000010 0.061669 0.935023 0.003298
0.000010 0.131389 0.868591 0.000010
0.002220 0.009129 0.004591 0.984060
0.000010 0.018245 0.008744 0.973001
0.001150 0.006204 0.000010 0.992636
0.000010 0.015988 0.002852 0.981150
0.000010 0.009410 0.002566 0.988014
0.000010 0.010577 0.001026 0.988387
0.000010 0.017682 0.003432 0.978875
0.000010 0.010827 0.003055 0.986108
0.000010 0.016053 0.000010 0.983927
0.000010 0.000010 0.000010 0.999970
0.000010 0.016007 0.001292 0.982691
0.000010 0.003677 0.003366 0.992947
0.000010 0.004017 0.000010 0.995963
0.000010 0.008220 0.003447 0.988323
0.003429 0.013704 0.000010 0.982857
0.001560 0.004148 0.001962 0.992330
0.000010 0.005149 0.007638 0.987202
0.000010 0.007651 0.003670 0.988669
0.000010 0.012360 0.004785 0.982845
0.001213 0.006541 0.004660 0.987586
0.000010 0.007550 0.001465 0.990975
0.695089 0.285078 0.016534 0.003300
0.610508 0.263559 0.125923 0.000010
0.003080 0.059218 0.932830 0.004871
0.891012 0.095620 0.009404 0.003965
0.960824 0.039156 0.000010 0.000010
0.999970 0.000010 0.000010 0.000010
0.000010 0.034176 0.965308 0.000506
0.003619 0.168369 0.827674 0.000337
0.000010 0.067848 0.922400 0.009742
0.002060 0.009604 0.001325 0.987011
0.000010 0.022690 0.000010 0.977290
0.000010 0.008042 0.003892 0.988056
0.000010 0.002547 0.003348 0.994096
0.005396 0.000010 0.004085 0.990509
0.000010 0.011265 0.000010 0.988715
0.003730 0.009476 0.001158 0.985636
0.000010 0.055299 0.007135 0.937555
0.000010 0.003893 0.000010 0.996087
0.000010 0.012883 0.001058 0.986049
0.000010 0.014364 0.003653 0.981973
0.000010 0.010135 0.000010 0.989845
0.000010 0.013569 0.000010 0.986411
0.000010 0.007004 0.004558 0.988428
0.000010 0.012129 0.000010 0.987851
0.000010 0.014349 0.001540 0.984101
0.000010 0.099568 0.000010 0.900412
0.002905 0.181856 0.812733 0.002506
0.004141 0.057955 0.934314 0.003589
0.931904 0.068076 0.000010 0.000010
0.977309 0.022671 0.000010 0.000010
0.999970 0.000010 0.000010 0.000010
0.000010 0.000010 0.005563 0.994417
0.000010 0.000010 0.001996 0.997984
0.000010 0.000010 0.003531 0.996449
0.000010 0.000010 0.000010 0.999970
0.000010 0.000010 0.002433 0.997547
0.000015 0.000010 0.001269 0.998706
0.001347 0.003526 0.000235 0.994892
0.000010 0.005000 0.000558 0.994432
0.000010 0.000010 0.001691 0.998289
0.000010 0.000010 0.000010 0.999970
0.000010 0.000010 0.000974 0.999006
0.000010 0.000010 0.000010 0.999970
0.000010 0.000010 0.000010 0.999970
0.000010 0.000010 0.001155 0.998825
0.000010 0.000010 0.000010 0.999970
0.000010 0.000010 0.000010 0.999970
0.000010 0.000010 0.000010 0.999970
0.000017 0.001413 0.000010 0.998560
0.000010 0.000010 0.002300 0.997680
0.000010 0.000010 0.000010 0.999970
0.001163 0.997548 0.001279 0.000010
0.003440 0.980117 0.016434 0.000010
0.002992 0.975060 0.015687 0.006261
0.000413 0.975634 0.020060 0.003894
0.000010 0.978409 0.018572 0.003009
0.008572 0.976962 0.004607 0.009860
0.000010 0.980773 0.012526 0.006691
0.005830 0.976603 0.017557 0.000010
0.004373 0.964512 0.031106 0.000010
0.005147 0.959448 0.035150 0.000254
0.007481 0.971867 0.020524 0.000129
0.005460 0.969791 0.024739 0.000010
0.003739 0.967470 0.028781 0.000010
0.002657 0.937616 0.037160 0.022566
0.000010 0.000010 0.000010 0.999970
0.697947 0.274505 0.025250 0.002298
0.592374 0.394823 0.009858 0.002945
0.003294 0.074012 0.921143 0.001551
0.030911 0.195892 0.773187 0.000010
0.999963 0.000017 0.000010 0.000010
0.879698 0.117402 0.001333 0.001567
0.829590 0.170388 0.000012 0.000010
0.996753 0.003227 0.000010 0.000010
0.984177 0.000010 0.000010 0.015803
0.999970 0.000010 0.000010 0.000010
0.999970 0.000010 0.000010 0.000010
0.631822 0.110693 0.257475 0.000010
0.999970 0.000010 0.000010 0.000010
0.723557 0.274536 0.000010 0.001897
0.967141 0.029534 0.003315 0.000010
0.000245 0.036907 0.959970 0.002879
0.001204 0.194862 0.803845 0.000088
0.004220 0.193899 0.798794 0.003087
0.000010 0.153145 0.840934 0.005911
0.846153 0.143089 0.010749 0.000010
0.798390 0.192190 0.004755 0.004666
0.999970 0.000010 0.000010 0.000010
0.918773 0.081207 0.000010 0.000010
0.648491 0.328758 0.018310 0.004441
0.920307 0.079673 0.000010 0.000010
0.882026 0.113757 0.004207 0.000010
0.807759 0.122680 0.050281 0.019280
0.003357 0.052049 0.939963 0.004631
0.000010 0.110063 0.889917 0.000010
0.000010 0.109165 0.890815 0.000010
0.667239 0.325200 0.004950 0.002611
0.000010 0.068986 0.930994 0.000010
0.005933 0.122399 0.867930 0.003738
0.000010 0.056642 0.943133 0.000215
0.000634 0.041827 0.948382 0.009157
0.000010 0.118545 0.881435 0.000010
0.000010 0.063768 0.933951 0.002271
0.002495 0.026316 0.971115 0.000074
0.000010 0.108573 0.885976 0.005441
0.000010 0.094606 0.905374 0.000010
0.000936 0.242173 0.755424 0.001467
0.000010 0.125485 0.873027 0.001478
0.000010 0.020555 0.979425 0.000010
0.000711 0.223552 0.775728 0.000010
0.478744 0.346117 0.061647 0.113492
0.886030 0.110661 0.003299 0.000010
0.000010 0.006500 0.005689 0.987800
0.000010 0.000010 0.000010 0.999970
0.000010 0.000010 0.000010 0.999970
0.000010 0.000010 0.000421 0.999559
0.000010 0.000010 0.000010 0.999970
0.000010 0.000010 0.000010 0.999970
0.000010 0.000010 0.003069 0.996911
0.000010 0.000010 0.000010 0.999970
0.000010 0.000010 0.001620 0.998360
0.000010 0.000015 0.000010 0.999965
0.000010 0.000010 0.000010 0.999970
0.000010 0.000010 0.000010 0.999970
0.000010 0.000010 0.000010 0.999970
0.000010 0.000010 0.000010 0.999970
0.003398 0.000010 0.000010 0.996582
0.000010 0.000010 0.000010 0.999970
0.000010 0.000010 0.000010 0.999970
0.000291 0.000010 0.001897 0.997802
0.000010 0.000010 0.000010 0.999970
0.000010 0.000010 0.005799 0.994181
0.000010 0.001388 0.000010 0.998592
0.000010 0.000010 0.000010 0.999970
0.000391 0.000010 0.000010 0.999589
0.000010 0.000010 0.000010 0.999970
0.000010 0.000010 0.000010 0.999970
0.000010 0.000421 0.000010 0.999559
0.000010 0.000010 0.003193 0.996787
0.000010 0.000010 0.006040 0.993940
0.000017 0.000010 0.000010 0.999963
0.001812 0.000010 0.001513 0.996664
0.000010 0.000010 0.000010 0.999970
0.000010 0.000010 0.000010 0.999970
0.000010 0.000010 0.000010 0.999970
0.000010 0.000010 0.000614 0.999366
0.000010 0.000010 0.000010 0.999970
0.009286 0.061032 0.929673 0.000010
0.001524 0.410686 0.583759 0.004031
0.615909 0.327759 0.056322 0.000010
0.000010 0.084249 0.915046 0.000695
0.000010 0.087694 0.912286 0.000010
0.000010 0.116980 0.875301 0.007709
0.000010 0.054280 0.937887 0.007824
0.000010 0.017479 0.978377 0.004134
0.000010 0.162516 0.831628 0.005846
0.000010 0.050377 0.946835 0.002778
0.000117 0.073712 0.919000 0.007170
0.009031 0.135527 0.853746 0.001696
0.000624 0.005049 0.990152 0.004176
0.000010 0.041653 0.958327 0.000010
0.000010 0.000010 0.999970 0.000010
0.000498 0.000010 0.999482 0.000010
0.000012 0.067007 0.932971 0.000010
0.003256 0.069814 0.926394 0.000536
0.000900 0.150195 0.847320 0.001585
0.007990 0.129497 0.862503 0.000010
0.002306 0.088340 0.909344 0.000010
0.000010 0.080375 0.910207 0.009408
0.000010 0.098091 0.901889 0.000010
0.000010 0.261589 0.733849 0.004553
0.002788 0.118952 0.875211 0.003049
0.000476 0.708663 0.045008 0.245853
0.007549 0.672477 0.060957 0.259016
0.015503 0.689648 0.063715 0.231134
0.024757 0.705057 0.042677 0.227510
0.001603 0.080213 0.918174 0.000010
0.007037 0.048576 0.944377 0.000010
0.008230 0.207081 0.782697 0.001992
0.000010 0.170876 0.815906 0.013208
0.000010 0.098048 0.901337 0.000605
0.000010 0.065875 0.925342 0.008773
0.000010 0.056400 0.935487 0.008103
0.000010 0.011944 0.000463 0.987583
0.000010 0.000010 0.002665 0.997315
0.006237 0.009758 0.003790 0.980214
0.000010 0.011027 0.003545 0.985418
0.005372 0.180506 0.814112 0.000010
0.000010 0.049889 0.950091 0.000010
0.000010 0.181536 0.813066 0.005388
0.000010 0.082711 0.917269 0.000010
0.003344 0.073623 0.923023 0.000010
0.000136 0.040586 0.959268 0.000010
0.000010 0.111241 0.885802 0.002947
0.000010 0.100872 0.893187 0.005931
0.001829 0.060101 0.935568 0.002502
0.000010 0.092109 0.904388 0.003493
0.000010 0.029975 0.967359 0.002655
0.000010 0.004227 0.986925 0.008838
0.000093 0.034738 0.965159 0.000010
0.000014 0.000010 0.988709 0.011267
0.000010 0.011430 0.988550 0.000010
0.005342 0.021062 0.971979 0.001617
0.000010 0.047776 0.952204 0.000010
0.002584 0.201824 0.795583 0.000010
0.006006 0.138833 0.855152 0.000010
0.000962 0.007151 0.984458 0.007429
0.002795 0.000010 0.992579 0.004616
0.002029 0.004327 0.993633 0.000010
0.000010 0.012841 0.983734 0.003415
0.000969 0.009750 0.985651 0.003630
0.004300 0.014914 0.979521 0.001265
0.000010 0.022691 0.975603 0.001696
0.000010 0.015561 0.984419 0.000010
0.013681 0.732216 0.053274 0.200829
0.006675 0.618091 0.056490 0.318744
0.006369 0.633080 0.065712 0.294838
0.017764 0.671944 0.064047 0.246245
0.021195 0.694742 0.048985 0.235078
0.000010 0.011431 0.988549 0.000010
0.000010 0.011018 0.988962 0.000010
0.000010 0.042921 0.956405 0.000664
0.003539 0.053200 0.943251 0.000010
0.001617 0.021917 0.974726 0.001741
0.000010 0.007512 0.992468 0.000010
0.002742 0.000011 0.997237 0.000010
0.000010 0.003423 0.996557 0.000010
0.000012 0.000010 0.995256 0.004722
0.004581 0.007984 0.985745 0.001690
0.000010 0.028402 0.971578 0.000010
0.000010 0.013729 0.979798 0.006464
0.000010 0.016713 0.979022 0.004254
0.000010 0.022403 0.977577 0.000010
0.000010 0.011621 0.985977 0.002392
0.000010 0.002909 0.992996 0.004085
0.023584 0.701014 0.060496 0.214906
0.027806 0.724892 0.052985 0.194317
0.018368 0.692408 0.042480 0.246744
0.015774 0.688833 0.050712 0.244681
0.014965 0.714342 0.056831 0.213862
0.014887 0.725968 0.050690 0.208455
0.017378 0.638227 0.062732 0.281663
0.027830 0.650452 0.054266 0.267452
0.026377 0.676252 0.048789 0.248582
0.010964 0.673218 0.049755 0.266062
0.000010 0.010761 0.989219 0.000010
0.000010 0.017301 0.980004 0.002685
0.000010 0.012491 0.987489 0.000010
0.000010 0.034023 0.963782 0.002185
0.000010 0.022046 0.977934 0.000010
0.003127 0.007272 0.988280 0.001322
0.010996 0.706191 0.047802 0.235011
0.018511 0.713228 0.049104 0.219157
0.006980 0.617159 0.070329 0.305532
0.010352 0.607248 0.065028 0.317373
0.006656 0.588924 0.067030 0.337390
0.006007 0.590675 0.059545 0.343773
0.012481 0.710189 0.063750 0.213580
0.024265 0.714549 0.056237 0.204949
0.015275 0.727159 0.056570 0.200997
0.016718 0.649270 0.053523 0.280490
0.030913 0.699784 0.049586 0.219717
0.015784 0.711157 0.053010 0.220049
0.031244 0.686748 0.056821 0.225187
0.001074 0.030685 0.967465 0.000776
0.000010 0.002880 0.990937 0.006173
0.002237 0.004193 0.989446 0.004124
0.000010 0.000010 0.999537 0.000443
0.000010 0.023331 0.976649 0.000010
0.000010 0.010042 0.989938 0.000010
0.017927 0.576003 0.066685 0.339386
0.015045 0.577720 0.071085 0.336150
0.000010 0.575276 0.071478 0.353235
0.013928 0.557696 0.067815 0.360561
0.009509 0.639086 0.068830 0.282576
0.020166 0.686101 0.059753 0.233980
0.015644 0.687168 0.057224 0.239965
0.022505 0.686868 0.054028 0.236600
0.016667 0.707346 0.055960 0.220027
0.000010 0.000418 0.993824 0.005748
0.000010 0.014822 0.985158 0.000010
0.000014 0.017245 0.982731 0.000010
0.003495 0.014700 0.979134 0.002671
0.000010 0.013963 0.984372 0.001655
0.000010 0.008361 0.991619 0.000010
0.002799 0.020444 0.976747 0.000010
0.000010 0.002570 0.993480 0.003941
0.001022 0.000010 0.998383 0.000584
0.004666 0.615259 0.066482 0.313593
0.010412 0.588849 0.061142 0.339597
0.013582 0.575856 0.062336 0.348227
0.007534 0.605626 0.056457 0.330384
0.004269 0.590361 0.058701 0.346668
0.023622 0.595057 0.071821 0.309500
0.004181 0.565341 0.066544 0.363934
0.011284 0.575019 0.069172 0.344524
0.014227 0.575097 0.068219 0.342457
0.010653 0.579237 0.066666 0.343444
0.009934 0.584686 0.063658 0.341722
0.001716 0.592397 0.065953 0.339935
0.000010 0.001638 0.990310 0.008042
0.000010 0.013899 0.986081 0.000010
0.001236 0.000010 0.998744 0.000010
0.000010 0.000010 0.999970 0.000010
0.000010 0.023512 0.970564 0.005914
0.001293 0.015272 0.980932 0.002503
0.000010 0.080872 0.919108 0.000010
0.000010 0.011315 0.986176 0.002499
0.001306 0.010389 0.988295 0.000010
0.000010 0.011439 0.983144 0.005407
0.000010 0.017946 0.977258 0.004786
0.002336 0.021848 0.974053 0.001764
0.000242 0.001668 0.998080 0.000010
0.000010 0.000540 0.995548 0.003903
0.000010 0.017916 0.980823 0.001251
0.001750 0.009424 0.986703 0.002123
0.000010 0.011916 0.980608 0.007466
0.000010 0.026563 0.966452 0.006975
0.000010 0.016135 0.983845 0.000010
0.000010 0.020234 0.977406 0.002350
0.000010 0.004305 0.995675 0.000010
0.000010 0.018748 0.981232 0.000010
0.000010 0.009312 0.984377 0.006301
0.000019 0.000010 0.990224 0.009747
0.000010 0.014745 0.985235 0.000010
