HLA_A_	HLA_C_	HLA_B_	HLA_DRB1_	HLA_DQA1_	HLA_DQB1_	HLA_DPA1_	HLA_DPB1_
0	0.0148336734726504	0.00279938526188328	0.0109684508239782	0.00921661183493194	0.00877859968908357	0.005568016516869	0.00509809620113766
0.0148336734726504	0	0.135694229957251	0.036344139855817	0.0278162723029098	0.029691622622311	0.00260904505541792	0.00845860091869099
0.00279938526188328	0.135694229957251	0	0.0363638627582662	0.0365562625047022	0.0321460549048335	0.00599487672020926	0.00481279035994076
0.0109684508239782	0.036344139855817	0.0363638627582662	0	0.253629625066427	0.238944036163649	0.00686217323535354	0.0194288788576517
0.00921661183493194	0.0278162723029098	0.0365562625047022	0.253629625066427	0	0.335689090061568	0.00740200724597806	0.0180928670998567
0.00877859968908357	0.029691622622311	0.0321460549048335	0.238944036163649	0.335689090061568	0	0.00347494587901742	0.0194499533597615
0.005568016516869	0.00260904505541792	0.00599487672020926	0.00686217323535354	0.00740200724597806	0.00347494587901742	0	0.142846457070983
0.00509809620113766	0.00845860091869099	0.00481279035994076	0.0194288788576517	0.0180928670998567	0.0194499533597615	0.142846457070983	0
