HLA_A_	HLA_C_	HLA_B_	HLA_DRB1_	HLA_DQA1_	HLA_DQB1_	HLA_DPA1_	HLA_DPB1_
0	0.0463801449557838	0.0504882115131955	0.0219337779879726	0.0148575905966518	0.0252262111007185	0.00694027662749674	0.00961953618343325
0.0463801449557838	0	0.224156276164838	0.0488152271885869	0.0319349961632731	0.035101287639273	0.00587876676316057	0.0106898013048057
0.0504882115131955	0.224156276164838	0	0.0424787922618299	0.0351996971798607	0.0410210622287251	0.00549658705194467	0.0131232836244768
0.0219337779879726	0.0488152271885869	0.0424787922618299	0	0.277653352839426	0.278120585967285	0.00619000152872107	0.0216608880413364
0.0148575905966518	0.0319349961632731	0.0351996971798607	0.277653352839426	0	0.34130584783177	0.00534663746670849	0.0176433470953482
0.0252262111007185	0.035101287639273	0.0410210622287251	0.278120585967285	0.34130584783177	0	0.00883152753446481	0.0184526308083864
0.00694027662749674	0.00587876676316057	0.00549658705194467	0.00619000152872107	0.00534663746670849	0.00883152753446481	0	0.141161524528549
0.00961953618343325	0.0106898013048057	0.0131232836244768	0.0216608880413364	0.0176433470953482	0.0184526308083864	0.141161524528549	0
